background(186, 145, 20); // wooden table
ellipse(200, 200, 350, 350); // plate
ellipse(200, 200, 300, 300); 

// pizza
fill(255, 0, 0);
triangle(229, 324, 259, 68, 102, 92);

// crust
fill(255, 252, 189);
quad(259, 68, 102, 92, 121, 126, 255, 106);

// pepperoni
fill(186, 4, 4);
ellipse(159, 148, 20, 20);
ellipse(229, 122, 20, 20);
ellipse(213, 155, 20, 20);
ellipse(221, 205, 20, 20);
ellipse(183, 200, 20, 20);
ellipse(209, 241, 20, 20);
ellipse(224, 287, 20, 20);

// bacon
fill(224, 69, 90);
rect(141, 129, 15, 15);
rect(178, 150, 15, 15);
rect(212, 183, 15, 15);
rect(216, 132, 15, 15);
rect(216, 254, 15, 15);
rect(174, 205, 15, 15);

// green peppers
fill(117, 184, 107);
rect(156, 154, 10, 18);
rect(190, 220, 10, 18);
rect(222, 138, 10, 18);
rect(182, 119, 10, 18);
rect(198, 171, 10, 18);
rect(230, 201, 10, 18);
rect(213, 272, 10, 18);




